17
9223372036854775807	4	6	49	49	9	9	6	6	4	4	1	4	6	9	9	6
4	9223372036854775807	4	49	49	9	9	6	6	1	1	4	1	4	9	9	6
6	4	9223372036854775807	73	73	49	49	25	25	4	4	6	4	1	49	49	25
49	49	75	9223372036854775807	1	7	7	13	13	49	49	49	49	75	7	7	13
49	49	75	1	9223372036854775807	7	7	13	13	49	49	49	49	75	7	7	13
9	9	51	7	7	9223372036854775807	1	9	9	9	9	9	9	51	1	1	9
9	9	51	7	7	1	9223372036854775807	9	9	9	9	9	9	51	1	1	9
6	6	27	13	13	9	9	9223372036854775807	1	6	6	6	6	27	9	9	1
6	6	27	13	13	9	9	1	9223372036854775807	6	6	6	6	27	9	9	1
4	1	4	49	49	9	9	6	6	9223372036854775807	1	4	1	4	9	9	6
4	1	4	49	49	9	9	6	6	1	9223372036854775807	4	1	4	9	9	6
1	4	6	49	49	9	9	6	6	4	4	9223372036854775807	4	6	9	9	6
4	1	4	49	49	9	9	6	6	1	1	4	9223372036854775807	4	9	9	6
6	4	1	73	73	49	49	25	25	4	4	6	4	9223372036854775807	49	49	25
9	9	51	7	7	1	1	9	9	9	9	9	9	51	9223372036854775807	1	9
9	9	51	7	7	1	1	9	9	9	9	9	9	51	1	9223372036854775807	9
6	6	27	13	13	9	9	1	1	6	6	6	6	27	9	9	9223372036854775807
